S46
S88
S43
S68
S78
21304
19431
11002
20712
21306
S41
21305
19491
21274
21584
S83
21302
S96
19474
18950
19335
19466
19350
S63
21284
S38
20915
22319
21687
21285
S44
21243
19368
18957
21248
20897
21283
18923
21268
21661
22316
21323
21219
S84
S42
19384
S40
S56
21708
21208
20351
19477
S89
21300
20279
21310
21659
S64
21686
S48
19428
21717
19406
21663
20036
21665
18929
22321
21286
S49
21270
19184
S87
20807
21704
21753
S66
21795
21731
19322
S53
20957
21303
S37
20899
21614
19371
20283
21724
21292
21797
22281
S76
21706
21646
20314
22282
21682
19447
S47
21670
S79
20311
21627
S90
21630
21615
21677
21603
21264
S58
S82
21258
21792
21679
S72
20793
21732
21222
20693
20613
21768
21261
20819
20907
20696
21221
21290
19463
21690
20902
20968
21263
S60
21612
S75
21252
21739
20306
21796
11003
22289
22277
S85
21325
21255
20570
22332
21271
21357
21583
S80
21608
20302
20945
21267
19998
19319
21664
21634
S51
20818
S70
21770
21289
21745
22258
S50
21719
20803
21210
S93
S57
20501
20554
21693
21288
21294
S86
S54
21291
21744
20284
21721
21275
S45
S62
21593
21313
22279
21298
S46_1X
22053
20563
21362
21351
20558
19046
20794
20616
22335
20569
21741
21330
21660
S39
21281
21272
21635
21352
21694
21632
21658
20289
S52
22341
20704
21331
21678
21698
20688
21676
21710
20808
21701
20583
19037
22292
21705
21631
21671
21695
21688
11001
21789
21578
21749
21675
21709
21265
S74
22325
21652
22339
21649
19411
22051
21348
21335
21367
20949
22055
20580
20850
21231
20548
21338
21314
21282
21716
21322
21287
21353
21733
21672
20795
21260
21277
21319
21697
21654
21359
20559
20296
19434
21737
21620
20300
18953
21772
21667
21328
21346
21333
21293
21307
21299
21669
22056
21668
21597
21350
21711
21699
21742
21339
21888
21683
21638
20294
21321
21691
21591
21722
21213
21743
21642
21707
21370
S94
21700
21636
21771
21713
20810
21269
20801
21225
21337
21725
21266
21689
20534
21746
22278
21748
21623
21692
21643
21596
21754
21345
21595
21308
21644
21738
21764
21633
21586
21703
21750
21655
21347
21765
21326
21311
21747
21653
21740
21613
21629
22275
20909
21336
21702
21735
21680
21674
21684
21656
21673
21696
21296
21366
21714
21592
21666
21624
21625
21712
21316
21775
21601
21301
21718
21600
21715
21641
21767
21610
20313
21273
21662
21791
20531
21729
21571
S61
21657
21312
21579
22315
20694
22327
20541
20524
20647
22284
21223
21280
21235
